
area = 18.419536
a = 0, b = 5, h = 1/10000000.000000
