
area = 18.419534
a = 0, b = 5, h = 1/1000000.000000
